4
1 0.42 0.54 0.66
0.42 1 0.32 0.44
0.54 0.32 1 0.22
0.66 0.44 0.22 1
-7
0.3 0.5 0.7 0.9
0.24 2.32


3
1 2 3
4 5 4
2 4 1
1 2 3


3
2 5 7
6 3 4
5 -2 -3
1 2 3


2
1 2
3 4


3
1 2 3
1 4 3
1 1 1


3
2 5 7
6 3 4
5 -2 -3


3
2 -1 0
-1 2 -1
0 -1 2


6
2 -1 0 0 0 0
-1 2 -1 0 0 0
0 -1 2 -1 0 0
0 0 -1 2 -1 0
0 0 0 -1 2 -1
0 0 0 0 -1 2
28 0 0 0 0 0


4
5 7 6 5
7 10 8 7
6 8 10 9
5 7 9 10


4
1 2 0 0
3 4 5 0
0 6 7 8
0 0 9 10
1 2 3 4


4
10.8 0.0475 0 0
0.0321 9.9 0.0523 0
0 0.0369 9 0.057
0 0 0.0416 8.1
12.143 13.0897 13.6744 13.8972


4
1 0.42 0.54 0.66
0.42 1 0.32 0.44
0.54 0.32 1 0.22
0.66 0.44 0.22 1
0.3 0.5 0.7 0.9


1 -1 1
-38 41 -34
27 -29 24
